#Elapsed Time (secs),Bytes Received,Requests Serviced, Requests Failed, Comment
   0.16889,         32,          0,          0, (null)
   0.16989,       1270,          0,          0, (null)
   0.17072,       1270,          1,          0, /courses/ud923/filecorpus/1kb-sample-file-0.png
   0.37596,       1302,          1,          0, (null)
   0.37637,       2304,          1,          0, (null)
   0.37708,       2304,          2,          0, /courses/ud923/filecorpus/1kb-sample-file-1.html
   0.53846,       2336,          2,          0, (null)
   0.53988,       3377,          2,          0, (null)
   0.54061,       3377,          3,          0, /courses/ud923/filecorpus/1kb-sample-file-2.png
   0.85256,       3409,          3,          0, (null)
   0.85303,       4672,          3,          0, (null)
   0.85409,       4672,          4,          0, /courses/ud923/filecorpus/1kb-sample-file-3.jpg
   1.03923,       4704,          4,          0, (null)
   1.07736,       5945,          4,          0, (null)
   1.07856,       5945,          5,          0, /courses/ud923/filecorpus/1kb-sample-file-4.png
   1.27874,       5981,          5,          0, (null)
   1.27906,      10077,          5,          0, (null)
   1.27926,      11709,          5,          0, (null)
   1.27945,      14573,          5,          0, (null)
   1.27975,      16005,          5,          0, (null)
   1.28009,      17437,          5,          0, (null)
   1.28058,      18869,          5,          0, (null)
   1.32918,      22965,          5,          0, (null)
   1.32941,      25841,          5,          0, (null)
   1.34527,      27273,          5,          0, (null)
   1.34571,      31369,          5,          0, (null)
   1.34597,      33001,          5,          0, (null)
   1.34622,      37097,          5,          0, (null)
   1.34641,      38729,          5,          0, (null)
   1.34662,      40385,          5,          0, (null)
   1.37427,      43249,          5,          0, (null)
   1.37518,      47345,          5,          0, (null)
   1.37565,      47545,          5,          0, (null)
   1.37610,      48977,          5,          0, (null)
   1.37629,      51841,          5,          0, (null)
   1.41844,      53273,          5,          0, (null)
   1.42054,      56137,          5,          0, (null)
   1.42274,      60233,          5,          0, (null)
   1.42376,      60433,          5,          0, (null)
   1.42398,      64529,          5,          0, (null)
   1.42420,      64729,          5,          0, (null)
   1.46168,      68825,          5,          0, (null)
   1.46188,      72921,          5,          0, (null)
   1.46203,      77017,          5,          0, (null)
   1.46217,      81113,          5,          0, (null)
   1.46230,      85209,          5,          0, (null)
   1.46244,      89305,          5,          0, (null)
   1.46257,      93401,          5,          0, (null)
   1.46271,      94801,          5,          0, (null)
   1.48391,      98897,          5,          0, (null)
   1.48447,     102993,          5,          0, (null)
   1.48476,     107089,          5,          0, (null)
   1.48495,     111185,          5,          0, (null)
   1.48518,     115281,          5,          0, (null)
   1.48533,     119377,          5,          0, (null)
   1.48547,     123473,          5,          0, (null)
   1.48562,     127569,          5,          0, (null)
   1.48603,     131665,          5,          0, (null)
   1.48624,     135761,          5,          0, (null)
   1.48638,     139857,          5,          0, (null)
   1.48651,     143953,          5,          0, (null)
   1.48662,     148049,          5,          0, (null)
   1.48678,     152145,          5,          0, (null)
   1.48690,     156241,          5,          0, (null)
   1.48704,     160337,          5,          0, (null)
   1.48718,     160673,          5,          0, (null)
   1.48741,     162105,          5,          0, (null)
   1.50835,     166201,          5,          0, (null)
   1.50895,     166401,          5,          0, (null)
   1.50918,     169265,          5,          0, (null)
   1.50981,     170697,          5,          0, (null)
   1.51130,     173561,          5,          0, (null)
   1.51421,     177657,          5,          0, (null)
   1.51449,     177857,          5,          0, (null)
   1.51496,     181953,          5,          0, (null)
   1.51520,     183585,          5,          0, (null)
   1.51539,     186449,          5,          0, (null)
   1.51560,     187881,          5,          0, (null)
   1.51628,     190745,          5,          0, (null)
   1.51698,     193609,          5,          0, (null)
   1.51834,     195041,          5,          0, (null)
   1.51870,     199137,          5,          0, (null)
   1.51887,     200769,          5,          0, (null)
   1.51999,     202201,          5,          0, (null)
   1.52049,     205065,          5,          0, (null)
   1.52083,     206497,          5,          0, (null)
   1.52134,     207929,          5,          0, (null)
   1.55769,     212025,          5,          0, (null)
   1.55792,     216121,          5,          0, (null)
   1.55816,     220217,          5,          0, (null)
   1.55833,     224313,          5,          0, (null)
   1.55860,     228409,          5,          0, (null)
   1.55875,     232505,          5,          0, (null)
   1.55890,     236601,          5,          0, (null)
   1.55904,     239119,          5,          0, (null)
   1.55948,     239119,          6,          0, /courses/ud923/filecorpus/paraglider.jpg
   1.75091,     239137,          6,          0, (null)
   1.75149,     243233,          6,          0, (null)
   1.75166,     243451,          6,          0, (null)
   1.76616,     246315,          6,          0, (null)
   1.77136,     250411,          6,          0, (null)
   1.77158,     252043,          6,          0, (null)
   1.81413,     256139,          6,          0, (null)
   1.81607,     260235,          6,          0, (null)
   1.82023,     264331,          6,          0, (null)
   1.82078,     268427,          6,          0, (null)
   1.82141,     272523,          6,          0, (null)
   1.82173,     273523,          6,          0, (null)
   1.84268,     277619,          6,          0, (null)
   1.84296,     280719,          6,          0, (null)
   1.84310,     283583,          6,          0, (null)
   1.84335,     285015,          6,          0, (null)
   1.84384,     286447,          6,          0, (null)
   1.85044,     287879,          6,          0, (null)
   1.85468,     289311,          6,          0, (null)
   1.85788,     290743,          6,          0, (null)
   1.85868,     293607,          6,          0, (null)
   1.86709,     297703,          6,          0, (null)
   1.86783,     301799,          6,          0, (null)
   1.86811,     305063,          6,          0, (null)
   1.90573,     309159,          6,          0, (null)
   1.90605,     313255,          6,          0, (null)
   1.90628,     317351,          6,          0, (null)
   1.90643,     321447,          6,          0, (null)
   1.90658,     325543,          6,          0, (null)
   1.90673,     329639,          6,          0, (null)
   1.90688,     333703,          6,          0, (null)
   1.94568,     337799,          6,          0, (null)
   1.94588,     341895,          6,          0, (null)
   1.94601,     345991,          6,          0, (null)
   1.94614,     350087,          6,          0, (null)
   1.94627,     354183,          6,          0, (null)
   1.94640,     358279,          6,          0, (null)
   1.94652,     362375,          6,          0, (null)
   1.94665,     366471,          6,          0, (null)
   1.94678,     370567,          6,          0, (null)
   1.94691,     374663,          6,          0, (null)
   1.94704,     377296,          6,          0, (null)
   1.94744,     377296,          7,          0, /courses/ud923/filecorpus/road.jpg
   2.15583,     377314,          7,          0, (null)
   2.15688,     381410,          7,          0, (null)
   2.15789,     384468,          7,          0, (null)
   2.15815,     388564,          7,          0, (null)
   2.15876,     390220,          7,          0, (null)
   2.19943,     391652,          7,          0, (null)
   2.20114,     395748,          7,          0, (null)
   2.20141,     398812,          7,          0, (null)
   2.20202,     402908,          7,          0, (null)
   2.20251,     403108,          7,          0, (null)
   2.20274,     407204,          7,          0, (null)
   2.20303,     407404,          7,          0, (null)
   2.20505,     411500,          7,          0, (null)
   2.20528,     411700,          7,          0, (null)
   2.21629,     411736,          7,          0, (null)
   2.25053,     413168,          7,          0, (null)
   2.25393,     417264,          7,          0, (null)
   2.25418,     421360,          7,          0, (null)
   2.25433,     425456,          7,          0, (null)
   2.25449,     429552,          7,          0, (null)
   2.25468,     431784,          7,          0, (null)
   2.25721,     435880,          7,          0, (null)
   2.25749,     439976,          7,          0, (null)
   2.25759,     441808,          7,          0, (null)
   2.25771,     444672,          7,          0, (null)
   2.25828,     446104,          7,          0, (null)
   2.25997,     448968,          7,          0, (null)
   2.30172,     453064,          7,          0, (null)
   2.30193,     457160,          7,          0, (null)
   2.30212,     461256,          7,          0, (null)
   2.30229,     464720,          7,          0, (null)
   2.34250,     468816,          7,          0, (null)
   2.34278,     472912,          7,          0, (null)
   2.34307,     477008,          7,          0, (null)
   2.34331,     481104,          7,          0, (null)
   2.34360,     481540,          7,          0, (null)
   2.34414,     481540,          8,          0, /courses/ud923/filecorpus/yellowstone.jpg
   2.64867,     481558,          8,          0, (null)
   2.64896,     481576,          8,          0, (null)
   2.64932,     483008,          8,          0, (null)
   2.65358,     487104,          8,          0, (null)
   2.65395,     491200,          8,          0, (null)
   2.65409,     494464,          8,          0, (null)
   2.69008,     495896,          8,          0, (null)
   2.69045,     497328,          8,          0, (null)
   2.69715,     498760,          8,          0, (null)
   2.69779,     500192,          8,          0, (null)
   2.69817,     501624,          8,          0, (null)
   2.69884,     503056,          8,          0, (null)
   2.69945,     504488,          8,          0, (null)
   2.69994,     505920,          8,          0, (null)
   2.70057,     507352,          8,          0, (null)
   2.70188,     510216,          8,          0, (null)
   2.70220,     514312,          8,          0, (null)
   2.70240,     514512,          8,          0, (null)
   2.74368,     515944,          8,          0, (null)
   2.75002,     520040,          8,          0, (null)
   2.75019,     523104,          8,          0, (null)
   2.75046,     527200,          8,          0, (null)
   2.75062,     531296,          8,          0, (null)
   2.75078,     531696,          8,          0, (null)
   2.80579,     535792,          8,          0, (null)
   2.81198,     539888,          8,          0, (null)
   2.81337,     543984,          8,          0, (null)
   2.81428,     548080,          8,          0, (null)
   2.81472,     551744,          8,          0, (null)
   2.83019,     555840,          8,          0, (null)
   2.83037,     559936,          8,          0, (null)
   2.83051,     564032,          8,          0, (null)
   2.83070,     568128,          8,          0, (null)
   2.83084,     572224,          8,          0, (null)
   2.83090,     576320,          8,          0, (null)
   2.83105,     580416,          8,          0, (null)
   2.83119,     584512,          8,          0, (null)
   2.83136,     588608,          8,          0, (null)
   2.83153,     592704,          8,          0, (null)
   2.83174,     596800,          8,          0, (null)
   2.83191,     600896,          8,          0, (null)
   2.83221,     603296,          8,          0, (null)
   2.85596,     607392,          8,          0, (null)
   2.85621,     611488,          8,          0, (null)
   2.85638,     615584,          8,          0, (null)
   2.85666,     619680,          8,          0, (null)
   2.85685,     623776,          8,          0, (null)
   2.85699,     627872,          8,          0, (null)
   2.85714,     631968,          8,          0, (null)
   2.85729,     636064,          8,          0, (null)
   2.85745,     640160,          8,          0, (null)
   2.85761,     644256,          8,          0, (null)
   2.85787,     648352,          8,          0, (null)
   2.85802,     652448,          8,          0, (null)
   2.85821,     656544,          8,          0, (null)
   2.85836,     660640,          8,          0, (null)
   2.85857,     664736,          8,          0, (null)
   2.85874,     668832,          8,          0, (null)
   2.85890,     670600,          8,          0, (null)
   2.86483,     674696,          8,          0, (null)
   2.86507,     674896,          8,          0, (null)
   2.86783,     678992,          8,          0, (null)
   2.86803,     680624,          8,          0, (null)
   2.86827,     684720,          8,          0, (null)
   2.86842,     684920,          8,          0, (null)
   2.86856,     689016,          8,          0, (null)
   2.86870,     689216,          8,          0, (null)
   2.90579,     693312,          8,          0, (null)
   2.90610,     697408,          8,          0, (null)
   2.90628,     701504,          8,          0, (null)
   2.90647,     705600,          8,          0, (null)
   2.90661,     709696,          8,          0, (null)
   2.90711,     713792,          8,          0, (null)
   2.90726,     717888,          8,          0, (null)
   2.90745,     721984,          8,          0, (null)
   2.90760,     726080,          8,          0, (null)
   2.90779,     727880,          8,          0, (null)
   2.92784,     731976,          8,          0, (null)
   2.92806,     736072,          8,          0, (null)
   2.92820,     740168,          8,          0, (null)
   2.92834,     744264,          8,          0, (null)
   2.92847,     748360,          8,          0, (null)
   2.92861,     752456,          8,          0, (null)
   2.92875,     756552,          8,          0, (null)
   2.92897,     760648,          8,          0, (null)
   2.92919,     764744,          8,          0, (null)
   2.92944,     768840,          8,          0, (null)
   2.92964,     772936,          8,          0, (null)
   2.92984,     777032,          8,          0, (null)
   2.92999,     781128,          8,          0, (null)
   2.93018,     785224,          8,          0, (null)
   2.93033,     789320,          8,          0, (null)
   2.93052,     793416,          8,          0, (null)
   2.93067,     797512,          8,          0, (null)
   2.93083,     801608,          8,          0, (null)
   2.93100,     805704,          8,          0, (null)
   2.93120,     808704,          8,          0, (null)
   2.93134,     812800,          8,          0, (null)
   2.93151,     816896,          8,          0, (null)
   2.93167,     820992,          8,          0, (null)
   2.93186,     823824,          8,          0, (null)
   2.93273,     827920,          8,          0, (null)
   2.93291,     832016,          8,          0, (null)
   2.93306,     836112,          8,          0, (null)
   2.93326,     840208,          8,          0, (null)
   2.93341,     844304,          8,          0, (null)
   2.93361,     848400,          8,          0, (null)
   2.93378,     851032,          8,          0, (null)
   2.93426,     852464,          8,          0, (null)
   2.93491,     853896,          8,          0, (null)
   2.93528,     855328,          8,          0, (null)
   2.93567,     856760,          8,          0, (null)
   2.93732,     858192,          8,          0, (null)
   2.93993,     862288,          8,          0, (null)
   2.94016,     866384,          8,          0, (null)
   2.94033,     866784,          8,          0, (null)
   2.94096,     870880,          8,          0, (null)
   2.94118,     871080,          8,          0, (null)
   2.94203,     875176,          8,          0, (null)
   2.94236,     875376,          8,          0, (null)
   2.94301,     879472,          8,          0, (null)
   2.94326,     879672,          8,          0, (null)
   2.94381,     881104,          8,          0, (null)
   2.94438,     883968,          8,          0, (null)
   2.98045,     885400,          8,          0, (null)
   2.98347,     886832,          8,          0, (null)
   3.02185,     890928,          8,          0, (null)
   3.02231,     895024,          8,          0, (null)
   3.02278,     899120,          8,          0, (null)
   3.02299,     903216,          8,          0, (null)
   3.02315,     907312,          8,          0, (null)
   3.02329,     911408,          8,          0, (null)
   3.02347,     915504,          8,          0, (null)
   3.02361,     919600,          8,          0, (null)
   3.02375,     923696,          8,          0, (null)
   3.02388,     927792,          8,          0, (null)
   3.02402,     931888,          8,          0, (null)
   3.02416,     933771,          8,          0, (null)
   3.02459,     933771,          9,          0, /courses/ud923/filecorpus/moranabovejacksonlake.jpg
   3.17636,     933771,          9,          1, /notthere.png
